16 13 5 11 -17 4 6 19 -15 19 -7 13 -9 -1 6 4 8 -10 -19 14 -11 11 14 -11 -13 18 16 10 -15 17 8 -12 12 12 11 11 -2 13 -9 -1 4 3 -18 -17 -1 0 -2 3 5 -19 
12 -20 -7 -9 -10 -5 -17 19 -8 -13 10 -10 -9 17 20 -4 -13 13 -18 16 -16 3 -5 -3 1 3 -3 -1 11 -13 -7 -10 -9 3 -2 5 18 15 4 -5 -18 -9 -14 -6 11 1 9 9 5 -17 
-4 12 11 5 16 1 -18 -4 15 12 -0 -2 8 -7 -2 0 -2 -17 -10 11 -10 -3 -5 14 6 -11 -11 -15 11 -14 15 14 -4 15 -7 14 -0 8 15 3 5 -6 -13 2 17 14 -5 6 12 9 
2 -14 19 14 7 6 12 9 5 -0 -3 16 6 6 6 16 -7 10 -3 -13 5 -19 -12 -2 8 -4 2 -2 18 -4 -10 -8 -4 13 -19 1 12 -13 -6 7 16 -14 -6 -10 9 15 12 6 10 5 
-16 -5 -8 -5 15 9 -2 10 -16 -18 -8 16 -3 -18 4 -11 -12 5 7 0 18 8 9 7 5 7 -18 9 15 -11 -10 -4 2 12 -19 18 1 19 -4 -1 8 20 10 17 -4 -17 -11 13 2 -1 
13 0 6 10 4 19 15 -19 16 14 -13 7 -16 11 -6 -5 5 5 9 -18 -15 -8 8 13 10 19 6 19 -19 2 -18 9 13 -4 -4 -10 -19 -13 1 -14 1 2 -3 -5 4 -15 18 -6 8 -0 
17 16 3 10 17 11 1 10 -14 -3 -16 -14 0 10 -4 9 -5 1 7 9 15 -18 1 -2 -15 15 -10 -9 -8 3 0 12 6 6 12 6 -19 -18 0 13 -17 3 4 13 -11 18 18 11 5 3 
-17 1 -5 11 13 8 -10 -4 7 -13 12 -1 18 2 -19 -13 -10 5 20 12 8 17 16 7 -4 14 14 -12 -18 -6 -12 -19 -9 15 -16 -12 -11 6 12 15 16 -9 -6 20 -6 16 10 -7 -9 13 
2 -14 12 -18 -1 5 -6 -9 -10 -0 -0 11 -6 -11 15 17 -19 5 -2 -5 -8 -7 -6 -7 -7 -2 -7 5 -13 16 7 -5 14 2 -17 16 1 -15 -0 -15 -7 2 14 5 -9 -20 -17 -7 0 1 
13 6 11 -12 -2 14 7 -2 -5 0 -1 19 -11 20 1 -11 1 17 11 5 -16 11 18 17 -0 0 10 13 16 8 1 16 -20 8 -5 17 -5 4 14 -7 2 15 -0 -3 8 5 9 -13 -3 -16 
15 18 11 1 -11 2 -6 20 -10 -4 -10 -1 11 16 15 16 12 12 -6 15 17 -12 -17 5 20 -3 2 -11 5 4 -14 20 -10 16 -19 -18 -3 8 8 13 -11 0 -11 13 12 9 13 7 -5 14 
-18 -19 -8 -9 -1 -10 4 14 20 20 6 4 -17 13 -1 14 -1 17 -18 -14 -14 -7 -0 12 1 11 -3 -4 5 -15 7 -10 -17 9 -6 7 7 -6 -20 19 3 -10 -1 9 2 -10 -7 0 9 -3 
-16 -10 -9 -1 0 -7 16 -3 8 -14 13 7 19 8 10 -1 -11 -15 18 -15 -7 -7 -18 -15 3 -12 3 12 -9 8 -6 7 -7 14 -2 -16 -7 16 3 -13 -11 9 -6 11 2 2 -8 -0 -6 19 
-4 -12 -16 -11 13 13 11 3 -11 -0 1 -17 4 -10 -12 7 4 -13 -5 5 -5 -14 15 12 12 8 -3 -6 -11 -11 -20 -13 -6 12 18 1 -5 -12 -2 1 -13 10 -12 -10 6 -5 -19 -12 6 6 
-7 12 -10 1 17 16 1 3 -10 -11 -14 11 17 15 9 -4 -20 -9 0 15 -2 -5 1 -8 -9 -3 18 6 -13 16 5 19 -20 -11 -15 -14 -12 18 8 -10 11 8 1 0 2 4 5 20 18 19 
3 -4 -18 2 5 -15 -14 15 -11 -19 -20 -17 -4 10 14 20 16 -9 -10 -10 2 2 -7 7 17 -16 -15 11 14 8 17 10 14 -14 2 13 -6 -6 9 -3 3 -10 3 17 17 17 11 8 -13 15 
2 -8 -14 14 -7 4 -9 6 5 -19 -7 19 -10 -14 -17 -14 -8 -14 -17 12 13 19 -4 -9 7 9 -12 1 17 -3 9 -14 19 15 -7 12 -3 6 -10 -17 -1 -9 20 19 -9 -3 6 15 -20 -11 
-1 -15 -12 -11 -3 11 -7 -16 -7 1 -0 -12 -12 4 -16 9 -3 -11 -8 1 1 12 -15 -9 -17 -14 -18 -14 2 -2 -0 -3 7 -7 -4 12 -17 -4 -14 -18 -12 -13 7 17 -6 2 4 7 13 -2 
10 -10 10 9 20 -4 -11 0 -4 -2 -8 -7 17 -13 7 0 -6 -10 12 15 -16 -13 2 -19 19 -9 -17 12 5 2 16 4 -12 -5 4 -15 6 -11 12 18 -3 6 -19 9 -6 6 16 17 20 14 
19 -17 -8 14 -5 -4 -5 -2 11 -18 8 -20 -3 -4 11 18 -12 0 17 4 -6 15 -11 11 -2 -5 9 -13 -8 -6 8 2 16 -7 6 -13 -9 13 -13 -16 13 -17 -15 -14 3 2 -15 -16 17 9 
-0 -5 16 9 10 -15 -2 -7 11 -6 1 -3 13 13 5 -4 -10 7 10 -10 -13 -1 5 16 -10 14 2 10 -20 -19 6 -19 -19 -20 -19 19 1 16 10 16 -16 9 3 -6 11 3 -0 -2 19 1 
3 -15 17 -3 13 4 -10 12 -11 -20 -12 18 11 17 15 7 -15 4 13 -2 19 7 15 13 18 10 12 -18 16 -14 -8 16 -18 11 -2 -12 17 6 18 8 -12 -6 15 -10 16 -20 -7 -7 -16 6 
-5 -9 15 1 5 -18 -10 -13 -19 -16 0 5 8 -20 -16 18 8 1 -1 -10 -6 5 13 9 -5 5 -3 12 -4 -1 -4 -9 17 -1 18 -13 6 -13 1 -18 -20 8 -15 19 -15 11 11 -9 14 11 
-10 -1 -6 2 -19 3 -8 -16 -16 10 -12 13 6 -17 -15 -6 3 -20 -0 17 17 5 -12 -1 3 -8 7 -10 17 -3 -4 -13 -5 -5 -19 16 -4 0 1 -5 -13 -13 -17 5 19 8 -6 -11 -14 8 
-19 12 0 4 -5 -14 8 5 19 19 19 -4 1 -2 2 -5 -5 9 -17 4 -14 16 16 -1 8 -18 8 14 10 -3 1 20 19 7 15 11 18 0 -14 -3 11 -15 13 5 3 2 -6 14 12 10 
-11 -9 -2 18 9 -7 -14 -15 17 1 20 11 18 -13 19 12 -14 18 -5 -8 -12 17 3 2 -19 14 -9 -5 7 -14 2 12 -15 -3 -10 16 15 6 2 10 15 14 1 13 16 -14 11 8 8 -1 
14 4 -19 -0 5 -7 -5 3 2 -8 -17 7 -2 13 -18 -13 9 -8 3 6 -18 -3 -18 -5 -10 -14 3 -3 -8 16 -4 -9 -1 -2 -13 -16 12 -17 6 16 -7 -1 8 7 19 11 -16 20 16 -9 
-10 -3 11 8 10 -8 16 -18 -7 -3 10 9 -1 -5 -19 -12 -8 -0 -8 19 18 -2 -4 -19 -20 19 -8 7 7 17 -16 5 8 9 14 -11 -17 -8 -15 -13 -3 -9 12 -11 -18 -2 -15 18 -3 -17 
7 17 -6 8 19 18 -10 5 8 9 -1 18 6 3 19 -15 -8 -10 8 5 6 9 -3 -18 18 14 -17 11 -1 -5 8 -19 -17 8 -18 13 -4 -8 -7 -18 1 -18 -0 -19 10 -1 3 -10 9 -12 
16 3 1 -4 -3 -16 -6 -14 -8 18 6 -20 -13 4 -19 12 -16 8 -4 -4 6 -7 -9 -5 4 -2 -3 18 5 -2 10 -2 -17 13 6 7 -7 15 11 -15 17 -10 -10 -13 17 14 -19 16 -1 -14 
-5 6 -13 19 7 3 1 -17 -5 -8 -4 5 0 12 15 -5 -13 -5 19 -7 16 -8 -14 -11 19 -12 0 20 15 -4 -1 5 17 12 13 -19 18 -13 2 17 15 19 15 2 14 -16 -12 6 20 17 
-11 -1 -14 11 -11 14 -17 1 12 -18 -1 -10 -11 -2 -7 18 -9 -18 13 20 -8 11 -17 -7 -8 -6 -4 -17 2 10 -15 -13 -12 9 -0 3 13 10 15 -10 6 -13 -7 -0 -3 -8 17 6 -10 -4 
-19 17 -15 13 -14 3 -9 -8 -12 -16 -4 -19 11 10 3 -16 -10 6 13 -19 -16 11 -3 18 -3 -10 8 9 19 -17 10 -0 -12 1 -13 -15 -5 9 13 -6 1 6 -2 -3 -7 -16 9 -12 2 -12 
-20 -17 15 -13 -19 -9 9 16 14 -2 -2 -13 -14 -12 -3 14 -14 -4 9 -7 15 0 -15 3 -10 -9 1 -11 6 5 -20 7 -3 -16 5 -7 13 12 -4 -3 -17 3 8 -2 -17 -0 19 4 -5 10 
2 -15 10 1 9 -5 -8 -19 -4 -14 -13 -7 18 0 -0 -0 -16 12 -10 -14 -18 7 -16 -1 -2 -7 0 -16 15 18 -7 16 11 -4 -19 -3 10 8 20 13 1 19 -16 19 -17 20 17 -13 8 11 
11 -14 3 4 -11 5 9 19 9 -18 1 -19 -19 -7 13 1 -4 -15 -0 -7 -0 6 -6 -9 3 -14 -12 1 -13 19 17 -5 -1 -3 -9 11 -0 -14 18 3 9 -9 -15 -5 -6 -5 0 -1 8 15 
13 -12 -19 12 -13 -13 1 6 9 -16 -2 -4 2 19 13 -2 -18 7 4 8 -16 16 -12 18 -17 9 19 -10 -8 -8 -14 7 -20 -12 3 -17 -4 18 16 -4 7 -16 6 19 18 1 -19 14 11 1 
-3 7 -19 4 13 8 18 -18 -9 15 -15 17 10 -0 -4 -0 -12 -1 14 8 0 8 11 0 -18 -8 -2 6 -1 20 6 -1 -12 -4 -2 5 11 -14 -13 19 7 19 -18 -3 9 -14 16 -14 14 12 
-19 19 -9 -12 -18 5 15 -5 13 -13 4 -11 14 -17 0 6 -2 -5 0 3 16 -16 11 -1 5 3 17 11 7 -8 18 17 -20 -15 3 15 7 16 2 0 10 -19 -7 -4 -15 -3 0 16 -13 17 
4 4 10 17 -13 -10 -8 12 -3 -18 7 -7 -19 -8 -17 1 11 -17 20 2 -9 9 17 6 -1 11 -14 -11 -11 -4 9 -12 -3 -19 -14 -7 -13 -19 -5 9 16 -14 18 8 16 -5 -19 -1 -3 17 
6 -8 20 12 -3 10 -7 12 -9 3 14 -14 -2 6 -12 7 -15 7 4 -0 -7 -11 4 7 -0 11 13 12 5 1 13 8 -1 5 -9 -3 13 -18 3 19 14 3 -16 -8 4 9 -13 -14 -5 -10 
7 20 -19 -7 12 6 -5 7 12 -6 5 13 6 15 10 7 4 9 9 3 12 -15 -5 -4 12 2 -8 -1 -9 3 -15 4 -15 16 6 18 4 -12 9 7 -8 2 16 -11 -13 1 -2 -15 16 -15 
-18 8 16 -10 -3 0 -4 2 -12 -15 3 -20 2 8 -3 -9 20 -7 -16 -18 16 -15 7 6 3 -5 7 14 16 -14 9 13 9 12 -14 -10 3 16 -2 -1 16 -9 18 -10 -5 -8 6 -17 5 -10 
-7 -17 -9 16 10 -4 2 5 10 9 19 6 -6 -19 -6 1 -2 7 -6 -14 -1 17 -1 -13 7 3 -4 -11 -2 -14 8 -18 -0 1 6 12 -14 8 -18 -17 11 4 1 -9 14 0 17 -18 13 -7 
15 -12 10 -14 -9 -3 -18 3 -2 -18 1 -10 12 -16 19 11 -2 -14 -16 -5 12 20 -18 -1 -10 10 3 3 -20 -13 12 -14 -0 -5 -1 3 7 8 6 18 -11 -10 0 -16 10 -6 -8 -10 19 3 
18 -1 7 8 -1 -15 8 -8 20 -11 7 -11 0 -3 1 -10 2 0 -5 13 -12 -4 19 -15 -7 -13 11 -2 13 -20 -9 4 -4 -13 -16 17 8 -3 -10 16 12 -2 11 2 -20 3 5 1 -1 16 
-17 -12 1 -14 1 -12 1 9 12 4 -17 -16 3 4 -11 -0 8 11 17 -5 12 9 -10 -8 17 -5 -13 -19 -13 10 -4 -1 -15 -8 -1 -17 -3 -11 13 1 5 -12 9 19 -15 12 -9 -6 -9 1 
9 -15 4 11 -20 -16 3 -6 -14 19 12 16 -1 -6 1 5 -8 -17 16 6 8 17 11 11 -9 -1 18 6 -6 12 17 -8 -9 16 11 3 -0 -11 5 11 9 -15 16 -16 12 13 17 -3 11 -16 
-10 -9 5 11 -13 -8 19 -19 18 1 -8 -14 13 -18 7 8 3 -16 17 13 -14 8 2 -1 -18 -10 8 -17 -6 -16 5 -12 11 15 8 -7 12 17 -5 7 -5 13 16 5 -7 10 -20 -2 4 20 
-17 13 -6 9 19 7 11 18 15 -11 3 11 7 14 -11 13 16 8 17 13 -19 -10 -13 -19 -5 -6 11 4 -8 11 -13 5 -9 -15 -8 -16 -10 19 19 -19 14 8 9 5 -17 11 20 17 -9 -9 